   0,998701519998452    0,005074604717219    0,050690456101186
  -0,000061001760993    0,995144790205849   -0,098421759814298
  -0,050943794828884    0,098290868920374    0,993852924156946
  47,273012234084781   46,629262266777786   -2,247094777059488
 140,942466614633160   95,113669475064995  415,692904117483180
 126,205346591217350   97,119652650474407  411,458402510817390
 111,414287334926200   99,144895510145048  407,220995403225120
  96,654902208673789  101,163315505695710  402,984786232037490
  81,894091950070901  103,155629690612430  398,734061129002330
  67,086778332317365  105,154724086494450  394,538852099088330
  52,327253759300945  107,181600382524590  390,292616943946830
  37,534166099868948  109,201111557795830  386,053106479546500
  22,753484959980252  111,204713066649630  381,823651034096880
   7,992099727788835  113,200182166011930  377,598477948165000
  -6,807829014227069  115,217068025303630  373,326178978353030
 -21,584732255530003  117,211022344956400  369,072079051405240
 -36,392484510770849  119,210854453210760  364,824493464194060
 -51,186357336421139  121,214333409743450  360,566520478255090
 -65,974316301005146  123,225016373141840  356,353834800640750
 -80,788923981970242  125,208158108377830  352,162371151337940
 153,221942811822290   77,861661109719222  421,391271989717670
 138,451714401214870   79,873359422652115  417,122499940218180
 123,704855789862800   81,894270623685159  412,877190265710790
 108,950026848073660   83,903906236428469  408,649340643681060
  94,175442798615549   85,909031337878957  404,421380557194650
  79,408692211140021   87,929498610421476  400,181717454169470
  64,629301955084458   89,924109070825011  395,956269066546610
  49,846294324362617   91,942205197868176  391,731998725752700
  35,073208981213050   93,964423287689527  387,484436183263770
  20,280757174821499   95,971370166483084  383,245779815401480
   5,497077978293772   97,962412763529571  378,999759229491020
  -9,274680377569798   99,965582257228746  374,762482609222900
 -24,067558272769116  101,965411558192810  370,484955456924980
 -38,858221147035600  103,970151615213080  366,245645900996520
 -53,651756413451075  105,973056854163190  362,013651216941700
 -68,452708823988445  107,983609362823300  357,771831891897990
 -83,292281041544300  109,966726281188370  353,591928762403260
 150,727551420681210   62,624989097251436  422,795868764613030
 135,982808106408810   64,631139402497411  418,548689747731260
 121,235788675295620   66,639122001795144  414,289803587994530
 106,468918744436120   68,665956336266447  410,062822008078230
  91,688592374957665   70,673382955467957  405,854622257969650
  76,929677386389571   72,694047134036495  401,609669824157720
  62,139854966577715   74,713319374064000  397,393210697646000
  47,366883383899093   76,717093507543595  393,152613082260070
  32,591491981996874   78,710825859965070  388,916342767210950
  17,802954049301810   80,733942233372403  384,673296297825400
   3,073024233619171   82,699425909467550  380,471372064532550
 -11,760758439631683   84,743368525557983  376,174457952659850
 -26,543772053016493   86,743441226316094  371,910215630973710
 -41,338869319931298   88,739027864542507  367,674384823195740
 -56,135180938730151   90,759728484067836  363,423780399035650
 -70,939634258037586   92,760755176892630  359,246021166162560
 -85,764556451474832   94,745784091341719  354,992374350419820
 148,267042648719520   47,373738930605199  424,210804028955120
 133,501690518131170   49,404984438837793  419,955893229233370
 118,742290772546640   51,408469353863431  415,704657134028990
 104,008275506783080   53,415896061041835  411,490189068655470
  89,223761314288893   55,442037529071385  407,274683771399850
  74,445730696004560   57,457677127313673  403,035608698262820
  59,669317892976416   59,464211487893714  398,783314717621690
  44,899914961344216   61,472395174032300  394,572858546660830
  30,125283369350708   63,482825386913035  390,327691502288760
  15,345840697766937   65,504101585613114  386,054981762425260
   0,545546957271999   67,504484373132627  381,835007521802650
 -14,252504085792570   69,496385948285734  377,581487254878600
 -29,020933337588161   71,514511618631815  373,313782838778480
 -43,804036965597192   73,522794600567480  369,069475574573740
 -58,604436703521294   75,519157785648545  364,839496823340030
 -73,415284911683216   77,522013437282894  360,625540748564280
 -88,233327431672947   79,524608323888344  356,420721132975640
 145,761618189449590   32,158666088709843  425,631588486973040
 131,025589745710420   34,161139416455221  421,389558378156890
 116,272385350734370   36,179429493221697  417,127485928800240
 101,496657792349910   38,206242589482322  412,918734880719800
  86,742133507869909   40,200561986502287  408,667968695746940
  71,960698032191573   42,204576001962465  404,435934597498490
  57,192727597358612   44,205057079243794  400,198732370084310
  42,419234382866620   46,190548399996899  395,953082923046570
  27,623918446781417   48,232592237817570  391,776558282910400
  12,847357573716215   50,248931013038344  387,456737848207580
  -1,933762953119210   52,265243378171292  383,217131979663520
 -16,730586473349963   54,257023985350529  378,972036068853240
 -31,516257005590592   56,275460451489948  374,724045489510220
 -46,273182728597519   58,272261398311180  370,472271381401920
 -61,092482069231636   60,290018334656274  366,237304456325830
 -75,886423933799335   62,285542837852987  362,039994158266720
 -90,718718814069902   64,280660289623981  357,846994687745050
 143,295787380450610   16,907310594918329  427,026274289915140
 128,542761678046900   18,918363187810591  422,777495316947580
 113,786287245735250   20,934024793305049  418,558827145168610
  99,016136345715168   22,945907695900416  414,332091189869230
  84,254977703992864   24,944214287804030  410,099355104315860
  69,495560422681280   26,948006036833043  405,840648099638030
  54,719709912413919   28,980257763168563  401,571972113675940
  -4,424639365589964   37,009057546716733  384,592302251249350
 -19,223469431189372   39,030303078261099  380,356180578739900
 -33,993430218624546   41,036585745804025  376,112920874660800
 -48,792250373116623   43,055634600974827  371,886301393508010
 -63,661754832974722   45,094013523545200  367,747991650567030
 -78,395659704461664   47,056788472727256  363,442771113244310
 -93,202659709755096   49,044819005733274  359,225902236708580
 140,803766557111570    1,681016183577337  428,449510985435440
 126,071694712475180    3,674644234691074  424,181994754054980
 111,297802927445060    5,695782876031857  419,937510698745200
  96,509416651800876    7,707124890750611  415,735220687419140
  81,775544016481248    9,680042005128046  411,497760125923830
  67,005900692161077   11,695970489880120  407,267238782981220
  52,241973275316504   13,712922737661017  402,994369023471850
  -6,927624013156003   21,766630581178205  386,000582056718490
 -21,707112920772381   23,783815358304288  381,742508350839440
 -36,489979459532996   25,802525416997188  377,487328678703020
 -51,269906923606179   27,794638189445202  373,280818506131370
 -66,060323080405553   29,804640756602691  369,038103745549730
 -80,857816063399966   31,818898347896592  364,802933676076800
 -95,679770428079209   33,809697638661063  360,591052101082820
 138,328201646982990  -13,551328535096445  429,848681764862820
 123,592540462292900  -11,552947428545240  425,584384199587190
 108,837925715875140   -9,565366130821857  421,346499250755300
  94,046539495154946   -7,541770198339814  417,106552250733560
  79,289833819122748   -5,547657795540448  412,897654113726620
  64,522927973829653   -3,532185627632270  408,649958953901830
  49,750189424911859   -1,543720457413778  404,386215672159950
  -9,403309151888855    6,504398146988467  387,386688236964460
 -24,183715293089701    8,543966576363626  383,128410739126480
 -38,982318536903378   10,537771851871996  378,906711458929460
 -53,757574625088957   12,551968152302326  374,667169641181490
 -68,544678926531091   14,548195062609269  370,420165407040140
 -83,330935939491198   16,543632846258504  366,198220363822260
 -98,136975588148033   18,565163149134946  361,979238428798400
 135,860901049932810  -28,791400937079612  431,217095374922850
 121,100038674302270  -26,801345276122198  426,960160132160580
 106,321409219559370  -24,810439375744803  422,745135816794970
  91,541669454367309  -22,795754956292416  418,507830102662410
  76,791949236865747  -20,793986244037661  414,288605363983950
  62,006074686156062  -18,796586643432708  410,095834586772980
  47,230296844513276  -16,793677523909057  405,793374801559990
  32,437920430523548  -14,766924423976025  401,581734774586270
  17,671519642250828  -12,769796985257489  397,290750483104890
   2,857469716309995  -10,732634083486701  393,040652928113270
 -11,876704514708155   -8,745133090965718  388,812336100593090
 -26,696381152882282   -6,722665157588788  384,576210513985700
 -41,482350506521954   -4,710424324407271  380,271375410166510
 -56,235831096364528   -2,714087786850755  376,035280819878720
 -71,010151296200206   -0,702640563183654  371,786035843723480
 -85,825659599702874    1,312214039200838  367,583982584060320
-100,631466017735280    3,303642789209962  363,347791184435380
 133,493696083060970  -44,061550610214489  432,682891942960050
 118,595407158670750  -42,038631496968605  428,366853598987690
 103,844891209009990  -40,049058263509487  424,106526661933570
  89,075772055429610  -38,051178869960204  419,886345200481340
  74,285143829607762  -36,040921947608908  415,654986833232160
  59,510387985256003  -34,045873801684230  411,429654870753210
  44,726544182068210  -32,051233617137818  407,174860018222200
  29,931025234571905  -30,024493662839099  402,936304778057150
  15,175253544112454  -28,022008218983022  398,696820697410490
   0,380885591257207  -25,996095772030657  394,443413311453360
 -14,406064111922051  -23,987952928290582  390,179434523562750
 -29,182410073877922  -21,986018887723979  385,919081061603320
 -43,946714004322729  -19,979002530733187  381,626419932233830
 -58,731765239337278  -17,956739313436344  377,375644963691850
 -73,522275473110170  -15,950650479074922  373,140582495535630
 -88,329521037649940  -13,940330916586989  368,939403526268850
-103,132937770888450  -11,927403416179022  364,719443299706820
 130,822027501086550  -59,270723745996321  433,992137167069640
 116,113731522200340  -57,270531905179638  429,732614718807500
 101,355220334333770  -55,280919172816908  425,497139773420600
  86,561567314985794  -53,297738299762820  421,283596834699100
  71,790098095621332  -51,291891969445594  417,039760659120250
  57,012202193749985  -49,298408533303665  412,801337229665530
  42,232315456672481  -47,298966715042170  408,566433574170050
  27,447787003610120  -45,272799020106589  404,331124087521290
  12,662534933192136  -43,259013911566477  400,076707877412960
  -2,119640799363163  -41,238571979931962  395,832805347921240
 -16,888857675893750  -39,238989588637082  391,557817578329600
 -31,687100771508490  -37,229513119126068  387,266412623965550
 -46,443771039535477  -35,216684174364254  382,999077212784810
 -61,228622764410609  -33,209940589698732  378,750055260701230
 -76,011900134490517  -31,179883212946187  374,529039515110750
 -90,791674627655595  -29,188211014032166  370,269986182954940
-105,601432011298230  -27,168459369218851  366,067963979546390
 113,608834928708250  -72,529611012720224  431,113626808275340
  98,853749823191762  -70,500486378425236  426,908419060645090
  84,064271124605909  -68,530554718506664  422,646496550780000
  69,304872138431151  -66,532513108299383  418,418939896002200
  54,509244269815902  -64,536627734210185  414,168112960224960
  39,712415189299783  -62,530564054788286  409,932748017961670
  24,920872727117711  -60,506920785960411  405,688279181027160
  10,143437632486613  -58,492558898170941  401,440069673342520
  -4,628301741831671  -56,475531329289900  397,154881538841490
 -19,376948276285557  -54,486149263818447  392,879731891217150
 -34,166559336365921  -52,469165982239581  388,616970743785030
 -48,944272083685995  -50,470532944197096  384,351372125727100
 -63,745271964016190  -48,475510619219079  380,106215599446440
 -78,522181312150607  -46,455022194951141  375,845062368066120
 -93,312726686853921  -44,443781240196984  371,643540489973420
-108,074921530784380  -42,405307339169063  367,391888647136280
 111,099534284889170  -87,748845755409931  432,483126434405280
  96,344126925033180  -85,774686157048606  428,233843235658870
  81,550212047867277  -83,784740244049289  424,021676737425480
  66,785317767548776  -81,767660990417397  419,775395699221350
  51,993316091797730  -79,779784398074455  415,553721712970120
  37,195192374044090  -77,786281370713013  411,322038280747340
  22,404123416588558  -75,734848483656720  407,056063559429900
   7,634921767904376  -73,751511632078305  402,787993568077470
  -7,129759503102308  -71,753979372078021  398,531603382595850
 -21,907876856872328  -69,721987114080875  394,239143653670790
 -36,686002163551557  -67,738606846311242  389,976548159293090
 -51,457045416104329  -65,713689132214654  385,701193680520480
 -66,244586127672861  -63,702373901229599  381,447926470618260
 -81,017052386645105  -61,708428253378514  377,206946093889030
 -95,792565439993012  -59,696395740032258  372,969718072140150
-110,589105555453240  -57,656765485328059  368,742025096396280

------------------------------------------
 209,606370238566910  100,372826357101900  413,056032623168450
 194,680114341881900  102,795249050968080  409,821641532435710
 179,704752367788500  105,211950373789410  406,549008175361050
 164,752356733631270  107,632589189849980  403,286422163595770
 149,785961949073370  110,048741903351510  400,044004705137410
 134,820069015515880  112,452781748511000  396,785043842908980
 119,854479479469820  114,881669020629700  393,532354240824760
 104,895329350353190  117,301245126466780  390,263642126414200
  89,915925501794334  119,712893946600200  386,997840908223220
  74,940228232761243  122,144653015913900  383,726510360387810
  59,979299275811528  124,556361954104550  380,451463702649850
  45,004143102751144  126,961277502035950  377,166405086391360
  30,011077046346742  129,377638154531270  373,909119490512920
  15,035413093986357  131,783715506206700  370,646580035845720
   0,041097580204166  134,219852279639840  367,409387122622430
 -14,980687713002837  136,621940166087820  364,193097147959410
 222,083211126575970   82,643109024267972  416,329893019889430
 207,132599319233180   85,057268770481102  413,112780207858070
 192,179493744324470   87,486852230074675  409,854408100629710
 177,226553000466790   89,907652251095229  406,606211336374830
 162,278063936291120   92,326033586978596  403,348876611551300
 147,312359974148990   94,743907792659769  400,090889618666610
 132,344902438653430   97,153301391595704  396,823960296022050
 117,387648387572910   99,560756713434131  393,565358411170960
 102,423442133027580  101,994431136992110  390,306221262884950
  87,453349032818721  104,409380183050630  387,034539205319330
  72,482011463543827  106,819986663112370  383,757994504956400
  57,507860306834786  109,225218992860520  380,493559760907490
  42,523326040473904  111,650197945041710  377,216012988181490
  27,538200501415531  114,072593775569020  373,954971570968270
  12,551023658593138  116,488322946777300  370,702771584601520
  -2,440675158646826  118,910965597280580  367,461078112754540
 -17,462062812974807  121,306075717921250  364,233522439352950
 219,592271312887080   67,328620147135695  416,414138781347390
 204,647414752321510   69,756370001831300  413,153193825507000
 189,703561873517690   72,170844389407108  409,887630925515170
 174,749180356410250   74,596435266838597  406,646238905896950
 159,782067964883280   77,010394374309939  403,382435588782070
 144,832068547663250   79,428704881595309  400,124503140535520
 129,859491711871580   81,853977571671166  396,863558889732190
 114,898930233366260   84,262919452006301  393,609871086944910
  99,938214600525598   86,677005125769810  390,356566050385310
  84,966562967286222   89,099731448048914  387,079017692660050
  70,024830059973297   91,488572340576013  383,811062894537090
  55,027062949853089   93,936502100969875  380,541560787113610
  40,049900104362521   96,351658168162587  377,254288797423610
  25,072804484949017   98,764170581597796  373,981326221005930
  10,077180160174400  101,177847394822120  370,729067478392610
  -4,909278814572971  103,598089658839260  367,502549443532530
 -19,932104847349962  106,007202665708220  364,260069740130400
 217,120793346799900   52,022435953094117  416,453040207973970
 202,164051976950420   54,451670568993599  413,190946845685970
 187,206679366362410   56,868875943222790  409,930789034605370
 172,276582707846440   59,282929854696654  406,672536008828160
 157,311397811858680   61,703562054707959  403,420429479488580
 142,338384634781760   64,114520587613015  400,149984491366410
 127,378765240116880   66,539383302264540  396,895852858889670
 112,428118971742180   68,951922236201824  393,641312327327110
  97,463132085441913   71,367656678879399  390,384255785131810
  82,490647288583716   73,798904785364513  387,121889363301650
  67,522879571238761   76,210831626676494  383,844728686350440
  52,554040250214626   78,633445296404858  380,562775899606890
  37,570007165893514   81,056928934559181  377,282363422552070
  22,585348713210635   83,467288345468944  374,014888043618160
   7,604369384472307   85,882569467102542  370,748468883856500
  -7,394679598990607   88,301045811354101  367,527950433370170
 -22,402375947775582   90,716431574035425  364,288780598979540
 214,625708827382710   36,723148276285329  416,490732186876470
 199,683926107521240   39,141575405188803  413,234465168727240
 184,728065084668320   41,565039643850632  409,962500073414790
 169,772300493968940   43,981954636006549  406,703055033035750
 154,811768628948640   46,397741572257893  403,447088657225210
 139,854367182198870   48,813891342773090  400,173847118799070
 124,891164608637130   51,223528565566198  396,922591670420100
 109,930449282910760   53,623322475285782  393,661930357600620
  94,962117844346935   56,052314877338674  390,458151760475000
  79,998235451893976   58,480307467026641  387,137176035205980
  65,043878175430379   60,909798991415066  383,863512752617340
  50,061726781702937   63,326113097505029  380,588249313520810
  35,074661206517014   65,751229739832837  377,314537336942980
  20,109535438727931   68,172273395022685  374,034282152509550
   5,117746894845809   70,592225819852118  370,775061002579780
  -9,868779810178097   72,998851529711004  367,533502559749020
 -24,865670950127495   75,406343535160545  364,307863240379160
 212,143080360181220   21,421163339861362  416,517541546897060
 197,192173215596090   23,838566269652020  413,247787647459520
 182,247863290803880   26,256268289693935  409,992610567051660
 167,288015495494530   28,676566419570737  406,733504402190990
 152,332875573778300   31,084379779764962  403,471195795991600
 137,372405307003990   33,498832904899082  400,204955868077490
 122,408361345929710   35,929064465677868  396,939971345350840
  62,536338115723296   45,603029986127325  383,878070741218440
  47,573843478026610   48,029948200456680  380,601722852072330
  32,596075371967871   50,449877011429059  377,330958685736620
  17,612943097314414   52,870216794172237  374,057209004043160
   2,637973789358867   55,284618187280486  370,803475777092270
 -12,352329491980157   57,698778861716931  367,548551179497220
 -27,365712189189864   60,104075373638423  364,329417053580810
 209,662885742443760    6,125241683919683  416,541248335347180
 194,713829288177150    8,538849245558858  413,275189911732920
 179,760112152487690   10,952700753083779  410,005613815552350
 164,800143042158600   13,368181391093806  406,748601312218280
 149,853475551459840   15,780900218733027  403,493172973392520
 134,885583000378120   18,191639840453210  400,231506554070560
 119,919093254321180   20,611184215275607  396,965355821407230
  60,043239479626699   30,303008525378662  383,887829887356650
  45,070700725173715   32,721998637531478  380,616439721077090
  30,102738068500763   35,143207565504149  377,337547667400710
  15,126291155802086   37,553220062181900  374,068791123650610
   0,157958320397285   39,972440053963496  370,817526325239210
 -14,830622834730832   42,396913019628968  367,561552157411820
 -29,840470111973303   44,798323127412459  364,330399340858040
 207,177008787899580   -9,170491140553684  416,572195973391330
 192,224325952474710   -6,771280894946893  413,292896340982000
 177,264597813011050   -4,356476539984588  410,037016176301900
 162,304629632392190   -1,935652546334158  406,768397469659990
 147,352727926923000    0,471560644429952  403,512653569902280
 132,394405340321870    2,895003183650126  400,246623370090730
 117,433522005564460    5,306069802783579  396,978329130902010
  57,561202114759197   14,982422868806090  383,891469290549030
  42,594951641120979   17,413069933838170  380,619079582910900
  27,613621308417358   19,828350012102668  377,341243306310840
  12,632571082672307   22,248001089426864  374,090180802232510
  -2,321882515965314   24,655994134986940  370,794776936201800
 -17,310082406777582   27,061959104106030  367,565257525518860
 -32,310819812183695   29,485798624543065  364,331508251388360
 204,685189743118630  -24,476087795203579  416,577586896748410
 189,727918309262410  -22,071920307364739  413,308789779360610
 174,776402440537590  -19,670793432945288  410,051196135939050
 159,807631357514820  -17,248470831140843  406,785659461649690
 144,858838745263310  -14,838055320530422  403,522380337097790
 129,885929512353040  -12,427574157695233  400,307218031728720
 114,925634770440420  -10,001894912435244  396,986024250466470
  99,957566961788018   -7,588334602582355  393,769756435672890
  84,999961815898047   -5,160171240404544  390,454570735812980
  70,013903256932352   -2,732359755462477  387,179584434933990
  55,053995245725559   -0,329790641291333  383,891232382324180
  40,077507513615686    2,093702163625245  380,655984962325480
  25,108622282190360    4,523244551236392  377,334526660080540
  10,143106444557645    6,941499628247696  374,070857669120810
  -4,815583678427274    9,347098856097421  370,800623366400940
 -19,805146324809229   11,756958419698487  367,559012414778920
 -34,812487804958067   14,166611977201587  364,313549946482170
 202,226724112798760  -39,795603099750124  416,549682545870270
 187,244473454928030  -37,381545014360185  413,324588209326920
 172,277886804065820  -34,975717495252312  410,053699609306250
 157,317244540294010  -32,572084415666701  406,796969892832690
 142,355423621109250  -30,149750584484927  403,532762890704650
 127,398504863824370  -27,732546175313406  400,263965126035030
 112,422526556647800  -25,328055748324811  396,996076273060790
  97,452408664912525  -22,895238423381858  393,731402569549630
  82,502250957778557  -20,478449506483688  390,457387251796150
  67,525445950297708  -18,047061363230330  387,183874866869930
  52,557426329903052  -15,638218316951228  383,896748113080430
  37,591306215157857  -13,218954701862465  380,606091540748590
  22,627650931479145  -10,805787386676089  377,325376290285310
   7,638134169921827   -8,383994021854784  374,057166591248970
  -7,329497888468907   -5,967805493205567  370,792515697372040
 -22,308778321897236   -3,552669061838121  367,539470121921910
 -37,294474073804764   -1,138282436197859  364,282913421401300
 199,700516421022940  -55,099983001044102  416,579551238379220
 184,740381056513230  -52,683046659111660  413,337714849688610
 169,785333704001030  -50,281036725353609  410,063711877071110
 154,817033595677230  -47,876741692408729  406,811539692030460
 139,853364474787550  -45,458989407000814  403,539197141617080
 124,888387337273340  -43,051707284717317  400,273113338783390
 109,926751698681680  -40,640499084241867  396,997258408050020
  94,954440655923250  -38,213482052853273  393,724997405488410
  79,996179530654899  -35,788757991060251  390,450976513490280
  65,016757241683436  -33,365129116202581  387,179520752566930
  50,057938828915098  -30,952486634896818  383,893734556824650
  35,074381273633279  -28,537164342719048  380,602379039127870
  20,106836661926067  -26,117550243871616  377,324799172022440
   5,138025848562549  -23,700150833627546  374,043396282433600
  -9,827979808293264  -21,277401659085069  370,771978555571200
 -24,790291938635406  -18,864743005385918  367,489708067968480
 -39,796090567890303  -16,447016300592189  364,258234536630770
 182,233899818129740  -68,010719904758687  413,316003210702770
 167,280133760779450  -65,584043146048401  410,061034815728250
 152,307893167303010  -63,186312308549887  406,795749908201400
 137,354416232513390  -60,775811661589955  403,552567820072970
 122,380870541300480  -58,366876301102302  400,271582954762320
 107,406478831351180  -55,946993533533202  396,998434710350750
  92,430624243745228  -53,512394569241728  393,727669146760210
  77,468671276012302  -51,101651396101929  390,435960959212760
  62,504943784138511  -48,679825569124702  387,163824153132230
  47,543700273818686  -46,273797870036724  383,879790413460460
  32,568892460902134  -43,850899699800230  380,586815726816270
  17,586897055226807  -41,422348191899438  377,304017573044690
   2,620486977396169  -39,018007075932907  374,010451364263930
 -12,347750683117425  -36,597068844703479  370,735491325734810
 -27,311599029370242  -34,177495395050713  367,463661384161810
 -42,281069297155483  -31,744097154174870  364,185906327894490
 179,732078186573200  -83,310332470128557  413,293080555891440
 164,773269257760520  -80,913037586794886  410,038049637198580
 149,799190985214100  -78,502076374711535  406,809964862339430
 134,832296852393940  -76,081392948917340  403,527917324721270
 119,857488115317580  -73,685160424790226  400,274026409881120
 104,877103055499650  -71,269610790242865  396,997496705593900
  89,910905453568560  -68,825687203411661  393,717713047898940
  74,944980335528840  -66,416472402556423  390,440567918649090
  59,978578365266870  -64,004094374102735  387,156340603796080
  45,014621927755542  -61,580409412969772  383,858594724737370
  30,048205461778295  -59,174049461361413  380,566354339845590
  15,076430931052592  -56,742771010783962  377,264733420441360
   0,106824788014791  -54,331314922856812  373,983420925793270
 -14,848314051910975  -51,924929553454220  370,698768679646890
 -29,814872359240425  -49,482289846425125  367,407246656583370
 -44,850035827665209  -47,084228867789264  364,170849389890010
